0.377536705484
0.97894727819
0.439892561025
0.211918974275
0.653389036286
0.742063637077
0.98564194472
0.77533965668
0.753419163804
0.0879904179601
0.871903961437
0.610905169741
0.423244139255
0.451015300491
0.12428736438
0.366415949936
0.532441955212
0.165878255677
0.0725419123255
0.349677847818
0.550427929052
0.177553364285
0.706300418132
0.172067036938
0.31846821018
0.937094121595
0.228188626165
0.889276445118
0.574041329901
0.795132240524
0.228766646307
0.0595227932522
0.940606920905
0.252804058917
0.483590418078
0.757712405692
0.190818268179
0.344511364733
0.679248396283
0.867498502488
0.242198853187
0.491717440476
0.616509661768
0.836655361362
0.471484881375
0.760502150928
0.571461801308
0.867098757921
0.787621291787
0.137546527757
0.554129838996
0.970660031521
0.953518496543
0.406083037393
0.770854052414
0.0663417315547
0.625151333148
0.926023260025
0.425524029813
0.558868484078
0.857727163081
0.83980414098
0.741264160025
0.807818268706
0.731109889014
0.389084178732
0.980654908
0.2888436693
0.936558111176
0.187361681358
0.0901818480869
0.475767612402
0.409902142117
0.686497865592
0.537941530702
0.0863903485133
0.423088454793
0.442875475471
0.374228578886
0.404535076556
0.987202835143
0.971022644301
0.87023253319
0.951218829437
0.167581059095
0.0341678973168
0.840240547945
0.137375551706
0.549385625961
0.141719242713
0.772966184951
0.674822886809
0.354082491031
0.100910273951
0.250065152794
0.631225311748
0.51206618213
0.115900531929
0.845771174209
0.350332252306